5.50358230534259900000
0.41284949373799029000
0.28439455539554814000
0.09965964591852932700
0.30779376043882040000
0.00000000000000000000
0.06978835327344523600
0.25800729830630087000
0.00000000000000000000
0.00000000000000000000
0.90395008620506190000
0.00000000000000000000
0.04538922631522568400
0.29237418051171571000
0.03598326599438342300
0.27057593665500967000
0.09478257310961921100
0.00000000000000000000
0.69031406843823773000
0.12009031880187646000
0.00000000000000000000
0.00000000000000000000
0.31550902719459917000
0.11973066392054292000
0.11568348599652852000
0.21283302360211648000
0.00000000000000000000
0.22764724978662032000
0.05164165591796767600
0.31715307120984437000
0.00000000000000000000
0.00000000000000000000
0.25148137950537591000
0.00000000000000000000
0.20293134263619278000
0.00000000000000000000
0.00000000000000000000
0.23843645301736277000
0.00000000000000000000
0.80869439801077503000
0.00000000000000000000
0.00000000000000000000
0.14553968731029460000
0.08127959395400644000
0.19238295393011581000
0.27986277089642486000
0.00000000000000000000
0.00000000000000002776
0.00000000000000000000
0.58669916227389995000
0.00000000000000000000
0.00000000000000000000
0.25701181245143168000
0.00000000000000000000
0.31405704349384156000
0.00000000000000000000
0.22489787024536279000
0.30638361660902969000
0.00000000000000000000
0.00000000000000000000
0.00000000000000000000
0.49122851524503530000
0.00000000000000000000
0.04791404797822734800
0.23752924517531659000
0.37388633565416207000
0.17522747332464689000
0.00000000000000000000
0.00000000000000000000
0.05867537001975198200
0.00000000000000000000
0.82091108840521476000
0.00000000000000000000
0.00000000000000000000
0.42255751941560105000
0.09013897331918502300
0.00000000000000000000
0.48577836532690466000
0.00000000000000000000
0.10477067920258989000
0.00000000000000000000
0.00000000000000000000
0.36504114882540528000
0.15364722629198760000
0.00000000000000000000
0.00000000000000000000
0.42548072190527142000
0.00000000000000000000
0.16437413443414214000
0.00000000000000000000
-0.00000000000000001388
0.65340295575525065000
0.00000000000000000000
0.00000000000000000000
0.08116497036961786700
0.49185692052246760000
0.00000000000000000000
0.04136793921533965500
0.22048176207086406000
0.39732359656773608000
1.16341880924780110000
0.09023851948128473700
0.35938957498061508000
0.41300178326273335000
0.00000000000000000000
0.01939197030000789500
0.00000000000000000000
0.56667420379622102000
0.00000000000000000000
0.05212638080728465600
0.00000000000000000000
0.00000000000000000000
0.00000000000000000000
0.08888554802232873100
0.00000000000000000000
0.08370036965863521200
0.15103862624319014000
0.05718655361544191400
0.00000000000000000000
0.13244220454452327000
0.69962711625791962000
0.00000000000000000000
0.01397689310423670300
0.55074915408818959000
0.00000000000000000000
0.25623116657757861000
0.36777529371012846000
3.99007853358062640000
0.16874500339315104000
1.31111001715100370000
0.18219231151569379000
0.00000000000000000000
0.00000000000000000000
0.00000000000000000000
1.09994667729623810000
0.20646522734451064000
0.00000000000000000000
0.00000000000000000000
0.00000000000000000000
0.00000000000000000000
0.26748389281741908000
0.00000000000000000000
0.00000000000000000000
0.00000000000000000000
0.00000000000000000000
0.00000000000000000000
0.00000000000000000000
0.00000000000000000000
0.13248513689957697000
0.00000000000000000000
0.85499160441630129000
0.00000000000000000000
0.03969198130359735700
0.61472366442563964000
0.00000000000000000000
0.00000000000000000000
0.00000000000000000000
0.77702330628587479000
0.00000000000000000000
0.00000000000000000000
0.11810521168512722000
0.00000000000000000000
0.26335093893736933000
0.00000000000000000000
0.00000000000000000000
0.22900684958339862000
0.00000000000000000000
0.09559532259781851300
0.21342884672410739000
0.67358123506557621000
0.00000000000000000000
0.00000000000000000000
0.00000000000000000000
0.67964188872332354000
0.51098897388753839000
0.00000000000000000000
0.13504222043112302000
0.00000000000000000000
0.00000000000000000000
0.05268705017032288000
0.00000000000000000000
0.10862187616742240000
0.00000000000000000000
0.16560610818286886000
0.00000000000000000000
0.34744095742530579000
0.00000000000000000000
0.00000000000000000000
0.68191097063218964000
0.09829048662542538800
0.00000000000000000000
0.92090987979148298000
0.00000000000000000000
0.00000000000000000000
0.00000000000000000000
0.20806416378583370000
0.00000000000000000000
0.00000000000000000000
0.72908581488742741000
0.00000000000000000000
