257.39234087385313000000
1.61057855093587140000
0.00000000000000000000
0.00000000000000000000
0.30516366225470565000
0.13289148646739568000
0.12107673125771622000
0.14138015542502383000
0.18162998420823717000
0.19545419477444892000
0.09930013544270371900
0.18719594387420238000
0.11770095580007589000
0.26251032416241027000
0.20670120353234392000
0.10930641097948338000
0.16447027620475174000
0.09968729078172342000
0.12048125454330597000
0.22555316642348544000
0.00000000000000000000
0.27735324252357940000
0.05854278879598432500
0.21093653680955751000
0.11484150430619354000
0.15785069576320496000
0.09442072299413359300
-0.00000000000000002776
0.16384779645953440000
0.21737563665770226000
0.13404780852385095000
0.12640987797745834000
0.12413823416765549000
0.00000000000000000000
0.44078319199715743000
0.00000000000000000000
0.00000000000001440514
0.11333261729243074000
0.23613695750476499000
0.01453297746350081500
0.29720287884732965000
0.12142193792591169000
0.03721774741733582800
0.19553227776310453000
0.11630379375050234000
0.22861906555342562000
0.13369385229242922000
0.16228810421218159000
0.14041840601169392000
0.03475447049315647700
0.08684004499166889100
0.27319079937241397000
0.13065360909306967000
0.19031425868776955000
0.08373164266438398700
0.00000000000000000000
0.20787983530663098000
0.06663095790349007900
0.16543780513888856000
0.35601607416103043000
0.09471960811728324900
0.07899064180993900500
0.14410990468138157000
0.16227413738992863000
0.13298603585819274000
0.25880307175937023000
0.08913679966805686300
0.11165339092517829000
0.16175557445144478000
0.18686828377915574000
0.01046733054618729400
0.29497809369857775000
0.10576145195934283000
0.15374858769739627000
0.09630434085555211700
0.09284458693669422900
0.16772102441833162000
0.28140430228607621000
0.17165199362417843000
0.07062606952976849300
0.36699960786746988000
0.01336322875999262900
0.14773284217313346000
0.16286896635400172000
0.00000000000000000000
0.18288713590340314000
0.24528248664400609000
0.18838031592396232000
0.00000000000000000000
0.18077784261615637000
0.23307287012175704000
0.12115071348122355000
0.13671648456620616000
0.08347234515295909300
0.19661475114943650000
0.17181224067984396000
0.09028997463580913700
0.17639837665808261000
0.14975225407635567000
0.38602023165641414000
0.36212540140510557000
0.03488466785689138500
0.00000000000000000000
0.00000000000000000000
0.10191005732201405000
0.11443764578679579000
0.05799293473797350500
0.12499283644520393000
0.00000000000000000000
0.00000000000000000000
0.02177228841813527700
0.00331756775125585270
0.00000000000000000000
0.25471864727639876000
0.00000000000000000000
0.04303200155162126300
0.10703157711197894000
0.02750592627696102400
0.99422822280708556000
0.00000000000000000000
0.11968823414214566000
0.12418891772917820000
0.00000000000000000000
0.19265119115718901000
0.13926870926578916000
0.00000000000000000000
0.29650600810339889000
126.61759686257300000000
1.17379591166340870000
0.33201448681234647000
0.32332472583282418000
0.26097965063290895000
0.19319536780577354000
0.11509575743386632000
0.00000000000000000000
1.07265235376473660000
0.00000000000000000000
0.09964049056158313900
0.41050601799366648000
0.00000000000000000000
0.00000000000000000000
0.01832809035507393400
0.19507507306986493000
0.13722429968119343000
0.00000000000000000000
0.00000000000000000000
0.15681614036725633000
0.00000000000000000000
0.00000000000000000000
0.11170983872127860000
0.25122690124084884000
0.34568640836614739000
0.08228169267312995800
0.03650591642143140300
-0.00000000000000001388
0.27969461622384539000
0.03399836363572949400
0.00912117708994523990
0.28003011235926201000
0.00000000000000000000
0.00000000000000000000
0.35450774139572877000
0.61047610559090759000
0.00761252997663387780
0.14305956829255728000
0.02168923876271382900
0.40459147089564784000
0.26095329129393441000
0.21547936809540205000
0.01550625632282873200
-0.00000000000001143530
0.48185924007611958000
0.41640830702059306000
0.09632654759528991300
0.35072317780449874000
0.34918272695648256000
0.04314906954623429200
0.09684816473504978500
0.00000000000000000000
0.09416477141827264700
0.00000000000000000000
0.00000000000000000000
0.00000000000000000000
0.05086503458188240700
0.24875808524059653000
0.16514500118838665000
0.06065392896418427000
0.24671751105582163000
0.16709634580522423000
0.12941504031972023000
131.53201140701606000000
0.00000000000000000000
0.00000000000000000000
0.00000000000000000000
0.04359531809712086100
0.08001204100097734900
0.26146098471901164000
0.44937147043291270000
0.00000000000000000000
0.23212581553131767000
