0.00993159952910904750
0.00015377000798377782
0.00004707185827612648
0.00005092749062118873
0.00003635141333613312
0.00011935137342156121
0.00009908016512960582
0.00004066668043356536
0.00004707028346540021
0.00001082779428751568
0.00000034017146954834
0.00000744827653942348
0.00002024455199434172
0.00001414960982826230
0.00003044702651899822
0.00001695114873978554
0.00002424549319401947
0.00001562136667809799
0.00000150941806287275
0.00001604426518142521
0.00009001810118747233
0.00011844114039027964
0.00003919874503799381
0.00006592612603539827
0.00008363536925037884
0.00008153241662089972
0.00016701214829806244
0.00009394455209599251
0.00013434699187331312
0.00008548423412657602
0.00034307732377791833
0.00045437440887419189
0.00021337758760353598
0.00040259862721647721
0.00026114995804593644
0.00043209027705448655
0.00025026288184870626
0.00004413003030345752
0.00001825423727264131
0.00000117830886336989
0.00002697299577336665
0.00010644808859394672
0.00010282594718613591
0.00010982563424732916
0.00006751530321424948
0.00006716056527500403
0.00026863984663061391
0.00033313707421689376
0.00013531834862423597
0.00001430261697010771
0.00010026686406072738
0.00016943737966801375
0.00007891605526622048
0.00012137640635401237
0.00004725153185125564
0.00009657175659583128
0.00004712478335699988
0.00004763972848786935
0.00023388589396999837
0.00034360745907202617
0.00016666280198462946
0.00002218436185175143
0.00008099936306160682
0.00006751207244026780
0.00002020292745019692
0.00001150932983107200
0.00004478052782574959
0.00021230353402457158
0.00029384436705248707
0.00012901505762941134
0.00002683974900696828
0.00000096139364103021
0.00001316864303901877
0.00002589690116006072
0.00000868956641020269
0.00003078170313064454
0.00004974682807190600
0.00001620527161660945
0.00012627109790741553
0.00025154665889426386
0.00045520237917273665
0.00029221907427201543
0.00005941856966218406
0.00011439726929052263
0.00027229739505785222
0.00020164477048978391
0.00004302415599766185
0.00015027708800952055
0.00014030218027538677
0.00019079225251383836
0.00007370940676176829
0.00000634553994627307
0.00005901175636735534
0.00011554410159619888
0.00005654708650759677
0.00001342909675761117
0.00007746927346974353
0.00010086270233700123
0.00004879212730535265
0.00004711464250162223
0.00013239255956665197
0.00019137843248828723
0.00002212453303918061
0.00002119756965424102
0.00002676407598367625
0.00002809088013777661
0.00000638467865665682
0.00002127815912711384
0.00046393904140629161
0.00039604285016459073
0.00002187864063163403
0.00002585865662241282
0.00011764378407308484
0.00005871345597885380
0.00000698098566331851
0.00008247479134682045
0.00005871345597885380
0.00001220073449115233
0.00004310249559891233
0.00001008057437457133
0.00000013805765841646
0.00000007679430091834
0.00000059568738763893
0.00000142928950275234
0.00000954116708151709
0.00000316734339111946
0.00041290850733499695
1.99006840047089110000
0.00063566300043871315
0.00000365917617206613
0.00020581499986627172
0.00228989891216002660
0.00168564582868402370
0.00059059302772679345
0.00000861205304869550
0.00010051199511584841
0.00013239255956665197
0.00019137843248828723
0.00002212453303918061
0.00002119756965424102
0.00002676407598367625
0.00002809088013777661
0.00000638467865665682
0.00002127815912711384
0.00046393904140629161
0.00039604285016459073
0.00002187864063163403
0.00002585865662241282
0.00011764378407308484
0.00005871345597885380
0.00000698098566331851
0.00008247479134682045
0.00005871345597885380
0.00001220073449115233
0.00004310249559891233
0.00001008057437457133
0.00000013805765841646
0.00000007679430091834
0.00000059568738763893
0.00000142928950275234
0.00000954116708151709
0.00000316734339111946
0.00041290850733499695
0.00013239255956665197
0.00019137843248828723
0.00002212453303918061
0.00002119756965424102
0.00002676407598367625
0.00002809088013777661
0.00000638467865665682
0.00002127815912711384
0.00046393904140629161
0.00039604285016459073
0.00002187864063163403
0.00002585865662241282
0.00011764378407308484
0.00005871345597885380
0.00000698098566331851
0.00008247479134682045
0.00005871345597885380
0.00001220073449115233
0.00004310249559891233
0.00001008057437457133
0.00000013805765841646
0.00000007679430091834
0.00000059568738763893
0.00000142928950275234
0.00000954116708151709
0.00000316734339111946
0.00041290850733499695
1.99006840047089110000
0.00063566300043871315
0.00000365917617206613
0.00020581499986627172
0.00228989891216002660
0.00168564582868402370
0.00059059302772679345
0.00000861205304869550
0.00010051199511584841
0.00013239255956665197
